UnitedStates	0.07	319.13	17393.10	54501.59	0.010768356	0.009661856	0.007948617	0.22348	0.219916364	0.19511125	0.004095613	0.007018454	0.008327351
Canada	0.06	35.50	1599.07	45048.59	0.01161	0.01011117	0.010981356	0.2107	0.217673636	0.24172625	-0.003405255	0.007730934	0.005528049
Mexico	0.06	119.71	2153.32	17987.34	0.019667546	0.012463048	0.011197275	0.243322632	0.222612727	0.23069625	-0.015965394	0.006758997	0.011189515
UnitedKingdom	0.06	64.60	2614.52	40474.24	0.002078382	0.00593435	0.00732804	0.198864211	0.17324	0.16361625	0.006408966	0.011727253	0.009562388
Ireland	0.15	4.61	238.99	51846.96	0.004731563	0.018807905	0.004930229	0.212242105	0.260815455	0.21681375	0.031876943	0.021583875	0.037269634
Germany	0.05	81.20	3763.23	46346.59	0.00323722	-0.00108071	0.003422193	0.252735263	0.206092727	0.19629875	-0.004079049	0.011945248	0.010506439
Belgium	0.05	11.20	482.95	43105.22	0.001869755	0.005372549	0.006	0.224376316	0.229493636	0.23330875	-0.001982779	0.013128158	-0.003004481
Netherlands	0.06	16.87	815.62	48361.59	0.005816397	0.004653562	0.004099791	0.228801053	0.218533636	0.19638375	0.001158656	0.011788901	0.002383451
Switzerland	0.05	8.14	474.13	58246.44	0.006596489	0.00747771	0.011203519	0.282264211	0.24306	0.23800625	-0.016313362	0.016113764	0.002038901
Luxembourg	0.11	0.55	52.86	96163.11	0.008247796	0.014423963	0.022446595	0.216527368	0.204203636	0.18557	0.027440562	0.013280997	-0.000776713
Austria	0.05	8.54	397.32	46503.56	0.003134916	0.004064667	0.006932885	0.268556842	0.244163636	0.2382625	-0.004939435	0.01644012	-0.003648742
Denmark	0.05	5.63	253.53	45053.89	0.001847148	0.003641443	0.005298969	0.202943158	0.221704545	0.1979925	0.003602042	0.002995965	-0.002996607
Sweden	0.06	9.75	450.87	46255.62	0.00347533	0.004879501	0.010062837	0.225963158	0.224626364	0.237415	-0.000739474	0.01746584	0.003775036
Finland	0.06	5.45	222.08	40738.61	0.004223231	0.003112695	0.004094975	0.254413158	0.233429091	0.21915	-0.000602813	0.019541497	-0.008508395
Norway	0.06	5.16	347.69	67428.54	0.004557338	0.007908819	0.011096601	0.263779474	0.230197273	0.27430125	0.00479355	0.011009762	-0.006965952
Iceland	0.07	0.33	14.45	43912.87	0.010425014	0.012960589	0.008396837	0.225148947	0.2471	0.17578625	-0.005077594	0.020648898	0.008680009
France	0.05	63.98	2604.31	40703.67	0.004543336	0.00629587	0.004597866	0.219512105	0.222636364	0.2274625	-0.001869664	0.006357081	-0.00427315
Italy	0.04	60.78	2135.95	35140.73	0.000506198	0.003985481	0.00237714	0.218505789	0.210365455	0.18095125	-0.001388946	0.001637915	-0.01158184
Spain	0.06	46.46	1551.29	33393.22	0.003371623	0.013502172	-9.4385E-05	0.226046842	0.280765455	0.20704625	0.006225272	0.006153585	-0.001014982
Portugal	0.05	10.40	283.12	27220.32	0.00213135	0.003585697	-0.003145213	0.290756842	0.249137273	0.16616375	0.009452536	0.002976613	0.001985018
Greece	0.04	10.93	284.17	26006.23	0.006101555	0.003360656	-0.00373249	0.243746316	0.246663636	0.12578125	-0.014959307	0.026762996	-0.038014982
Cyprus	0.10	0.86	27.39	31921.56	0.015804969	0.015218456	0.008524235	0.359743684	0.224173636	0.16084625	0.014574271	0.024545998	-0.018206678
Israel	0.12	8.21	275.32	33526.15	0.023616365	0.020781707	0.01916341	0.218092632	0.208461818	0.201535	0.005043356	0.015345432	0.016318222
Poland	0.07	38.02	961.31	25285.73	0.004643371	-0.001239845	-0.000535274	0.222974667	0.21776	0.20513875	-0.016132967	0.055613782	0.029272674
Hungary	0.04	9.88	248.90	25199.78	-0.002273945	-0.002226605	-0.002844427	0.263041579	0.253424545	0.21015625	-0.017309937	0.028473195	0.014447319
CzechRepublic	0.08	10.51	319.92	30432.45	-0.000183086	0.001114792	0.001822686	0.32994	0.299499091	0.26431	-0.046687659	0.014981697	0.008654626
SlovakRepublic	0.10	5.42	154.07	28446.76	0.0017	-0.000101286	0.001133545	0.305991667	0.280880909	0.22823125	0.001938425	0.038862022	0.017590683
Latvia	0.08	2.00	47.15	23558.98	-0.0137	-0.010191757	-0.012874749	0.188745714	0.308780909	0.2261625	-0.008086172	0.047229169	0.019801216
Estonia	0.10	1.32	36.83	27991.26	-0.0111	-0.006	-0.002	0.300475	0.32054	0.25503625	0.008896922	0.03457414	0.016624932
Lithuania	0.11	2.93	80.36	27405.56	-0.0069	-0.010413125	-0.014027261	0.2318025	0.225005455	0.1910775	0.03362544	0.048641797	0.023425565
Albania	0.07	2.89	31.44	10865.59	0.006955098	-0.006017627	-0.002237388	0.325595789	0.329020909	0.27610625	-0.032134118	0.080231181	0.019051554
Serbia	0.08	7.13	95.95	13453.67	0	-0.003011991	-0.005057197	0.15371	0.219226364	0.18917875	0	0.021511769	-0.00336818
Slovenia	0.08	2.06	61.67	29922.31	-0.000390376	0.002129684	0.002076383	0.225032857	0.283309091	0.1988675	0.014661475	0.013092742	0.001118767
Croatia	0.06	4.24	88.85	20964.77	-0.0091	-0.001464905	-0.008130081	0.160232857	0.26132	0.19868625	0.015376887	0.014083161	-0.001881233
Bulgaria	0.04	7.20	131.76	18294.72	-0.004948345	-0.006260413	-0.008564795	0.297284737	0.259944545	0.21245875	-0.036733007	0.059828035	0.026624695
Romania	0.05	19.95	395.50	19827.00	0.000303703	-0.008951176	-0.004952921	0.283917895	0.245265455	0.25781625	-0.036567712	0.063615686	0.025840638
Turkey	0.14	77.32	1518.40	19636.78	0.019409464	0.013056378	0.013551691	0.232682105	0.244969091	0.29110625	0.00476604	0.030434314	0.04352936
Russia	0.06	143.43	3827.88	26688.24	-0.000352014	-0.002683071	0.000781441	0.270032222	0.192580909	0.23087875	-0.109470329	0.071213382	-0.00516677
Ukraine	0.03	42.76	373.41	8732.65	-0.002544493	-0.007153248	-0.009765912	0.269171429	0.221408182	0.194015	-0.173841583	0.070628147	-0.036679229
Belarus	0.08	9.47	173.21	18294.35	-0.0023	-0.004925159	-0.000830135	0.309406667	0.29339	0.3340975	-0.097160416	0.10111048	-0.006136597
Kazakhstan	0.09	17.42	448.13	25722.26	-0.0219	0.00731304	0.014585406	0.239054286	0.272193636	0.26128875	-0.085414947	0.084339482	0.014701353
Georgia	0.14	3.73	34.35	9210.16	-0.0212	-0.010817773	-0.00980588	0.216026667	0.277672727	0.28298875	0.029489319	0.067050609	0.039584041
Moldova	0.05	3.56	17.84	5013.32	-0.000590284	-0.002165258	-0.000597488	0.356501429	0.278975455	0.2308325	-0.162904916	0.058794448	0.036461447
Armenia	0.14	2.99	24.39	8169.98	-0.0159	-0.004178588	0.000881116	0.189028571	0.270934545	0.22743	0.008124992	0.085925518	0.008456319
Azerbaijan	0.12	9.34	166.15	17785.19	0.009	0.011389188	0.012085526	0.242651429	0.312858182	0.23507125	-0.184747309	0.193275992	-0.020353541
Uzbekistan	0.14	30.60	172.52	5637.28	0.0198	0.011155759	0.020181358	0.233958571	0.247363636	0.26929875	-0.080155175	0.061044081	0.059119518
Tajikistan	0.09	8.30	22.43	2701.86	0.0138	0.021812142	0.020193592	0.199004286	0.164800909	0.18747	-0.142613443	0.072247008	0.044116257
Turkmenistan	0.21	5.31	82.48	15521.91	0.0188	0.011398171	0.016532981	0.413958571	0.247363636	0.26929875	-0.147334691	0.153622094	0.063899301
KyrgyzRepublic	0.07	5.90	19.40	3290.70	0.0137	0.010956093	0.018281671	0.168538571	0.200272727	0.32139	-0.097707909	0.032445233	0.011178302
India	0.25	1275.92	7356.73	5765.82	0.020744153	0.016214664	0.013386168	0.221146842	0.307952727	0.3456975	0.014461007	0.056020292	0.052410388
Pakistan	0.15	186.19	885.87	4757.87	0.027315291	0.023285325	0.020136026	0.188210526	0.176056364	0.15204	0.010870807	0.02302962	0.015190714
SriLanka	0.17	20.96	211.05	10067.25	0.01148361	0.012118234	0.005790628	0.271693158	0.273624545	0.3251475	0.012215748	0.048140303	0.047454518
Nepal	0.13	28.18	67.61	2399.77	0.0240009	0.014373621	0.011648768	0.183331053	0.246566364	0.3806575	0.009593058	0.017301076	0.017594062
IslamicRepublicofIran	0.07	78.47	1358.80	17316.08	0.025759452	0.015052757	0.013403661	0.296332105	0.415037273	0.3838725	-0.037579427	0.031581535	-0.014944045
Bangladesh	0.17	158.22	537.29	3395.91	0.024471155	0.014593166	0.011007684	0.183839474	0.253107273	0.28848625	0.001610567	0.03907087	0.049527794
Myanmar	0.27	51.42	262.62	5107.41	0	0.007793372	0.008152775	0.12381	0.127378182	0.200905	0.003783884	0.104005698	0.036015781
Egypt	0.14	86.80	997.34	11490.07	0.022658972	0.021768758	0.026461357	0.241965789	0.214884545	0.15854	0.002251871	0.031227461	0.010569889
Algeria	0.08	39.11	552.99	14137.94	0.025766577	0.016345653	0.020661626	0.279269474	0.322458182	0.46276375	-0.028979257	0.02121523	-0.002891535
Morocco	0.11	33.18	259.45	7819.59	0.019518911	0.013190719	0.011577074	0.260237895	0.286780909	0.33738375	-0.009902186	0.035834391	0.017576023
Tunisia	0.10	11.00	124.87	11354.46	0.021268702	0.010241918	0.012381027	0.259856316	0.241972727	0.23155625	-0.003317957	0.039636337	-0.003704687
SaudiArabia	0.05	30.77	1614.39	52465.67	0.041878554	0.028824171	0.024577988	0.207042632	0.22489	0.292555	-0.061580606	0.008834436	0.007151057
UnitedArabEmirates	0.09	9.30	612.83	65882.96	0.058993388	0.101404199	0.026887007	0.259220526	0.231417273	0.23162375	-0.053476494	-0.037343748	-0.00179532
Qatar	0.20	2.24	307.02	137340.66	0.045949996	0.104359749	0.066098414	0.259220526	0.231417273	0.23162375	-0.068202973	0.075350035	-0.021672042
Kuwait	0.07	4.00	283.62	70930.83	0.028476218	0.039699383	0.02971702	0.189312632	0.163753636	0.18895625	-0.039956645	0.03786288	-0.02861313
Bahrain	0.12	1.27	61.71	48661.36	0.030383572	0.062449201	0.026485138	0.213935789	0.243427273	0.25675125	-0.017134677	-0.001120464	0.002307602
Oman	0.16	3.72	160.70	43236.92	0.030192853	0.020027612	0.046050365	0.194707895	0.247131818	0.29800625	0.025193624	-0.002911972	-0.009213038
Japan	0.05	127.12	4766.02	37492.40	0.004390181	0.000861131	-0.000789116	0.313910526	0.24931	0.23087625	0.002513492	0.000811453	0.007579173
Mongolia	0.14	2.93	34.95	11947.93	0.0145	0.013908481	0.015257656	0.426736842	0.342980909	0.42210625	-0.079528027	0.04653087	0.057564568
Korea	0.25	50.42	1786.82	35435.86	0.01083703	0.005764295	0.005339437	0.354412105	0.317653636	0.30488375	0.056644063	0.033851819	0.019365042
China	0.78	1367.82	18228.36	13326.58	0.013099743	0.006139403	0.005113606	0.371166842	0.397990909	0.46299125	0.059663659	0.109163761	0.059814826
HongKongSAR	0.14	7.27	401.65	55274.50	0.014325792	0.005546963	0.00721237	0.288384211	0.230545455	0.23320875	0.016428798	0.039357855	0.017211819
TaiwanProvinceofChina	0.20	23.43	1081.48	46150.59	0.01144896	0.004819584	0.002417806	0.265294737	0.236896364	0.2215275	0.046532931	0.035515014	0.020141136
Vietnam	0.28	90.73	513.25	5657.02	0.018572466	0.011988405	0.010662914	0.171826842	0.338222727	0.28366	0.037064637	0.040077146	0.045586902
Cambodia	0.25	15.31	50.26	3282.02	0.0329	0.01751383	0.015634762	0.113541538	0.197354545	0.221335	0.0226939	0.056026198	0.039433636
Thailand	0.17	68.66	1068.42	15561.82	0.015448799	0.008085816	0.003944194	0.326844211	0.245102727	0.2472125	0.027262264	0.034452411	0.023416563
Malaysia	0.21	30.71	770.45	25089.18	0.026757332	0.02103812	0.016658275	0.369662105	0.235712727	0.24961	0.013076464	0.031534593	0.03394273
Indonesia	0.18	252.17	2688.81	10662.92	0.017508786	0.013767646	0.014060453	0.359231053	0.267432727	0.3384025	0.009150775	0.041616574	0.040257518
Philippines	0.10	100.15	694.93	6938.98	0.025518993	0.017312021	0.018389751	0.270978947	0.201186364	0.21288375	-0.032140091	0.038502629	0.047342935
Singapore	0.25	5.47	458.35	83798.43	0.027401515	0.021979824	0.014843098	0.381643158	0.260776364	0.28484875	0.018413169	0.047190732	0.026450431
Australia	0.08	23.61	1101.56	46648.16	0.013089484	0.014291026	0.015678902	0.260011579	0.266171818	0.26170875	-0.003623438	0.016601595	0.005436068
NewZealand	0.07	4.56	161.31	35416.73	0.011333152	0.0112837	0.014061888	0.227591579	0.233325455	0.2206375	-0.008091566	0.016307035	0.006513901
Brazil	0.06	202.78	3291.54	16232.33	0.019754826	0.012611368	0.00886045	0.192157368	0.184507273	0.19483375	-0.023331137	0.032587314	-0.002857348
Argentina	0.05	42.67	854.47	20025.40	0.014168356	0.009918505	0.011797508	0.164085789	0.163914545	0.1754325	-0.026697485	0.039442192	-0.001221055
Chile	0.12	17.82	410.29	23025.21	0.016482164	0.010794349	0.010741603	0.238466111	0.217862727	0.238805	0.00726703	0.039374355	0.014132059
Colombia	0.09	47.66	640.12	13430.45	0.0179726	0.012580198	0.011511514	0.215688421	0.192562727	0.24407625	-0.009430509	0.032478672	0.023915089
Venezuela	0.03	30.21	542.20	17949.87	0.024534208	0.017871694	0.014074576	0.203155263	0.244794545	0.2478325	-0.035137875	0.021859196	-0.018875823
Peru	0.08	30.81	373.52	12123.66	0.019313747	0.015975986	0.011259651	0.212724211	0.193830909	0.24250625	-0.036363981	0.05742722	0.029331558
Paraguay	0.09	6.66	58.68	8814.72	0.026831809	0.017904787	0.015085185	0.230964737	0.16177	0.1699775	-0.021299789	0.012838687	0.041790267
Uruguay	0.06	3.40	71.42	20980.52	0.006660016	0.00179539	0.004193411	0.157448421	0.171932727	0.20347625	-0.000851744	0.011098965	0.034088535
Ecuador	0.08	16.03	181.74	11339.30	0.023358923	0.01757258	0.016329354	0.178212105	0.219909091	0.27111	-0.021301702	0.024831605	0.004528332
DominicanRepublic	0.13	9.88	138.69	14032.67	0.020555855	0.012837748	0.010183892	0.199443158	0.256743636	0.2400125	-0.000238499	0.030165697	0.043529476
Bolivia	0.08	10.56	70.37	6662.72	0.024834242	0.017931941	0.015892354	0.159246667	0.154147273	0.19475375	-0.022888539	0.018036367	0.034650005
SouthAfrica	0.06	54.06	709.21	13119.24	0.022729334	0.01285097	0.0150587	0.216077895	0.185759091	0.1997475	-0.031769494	0.032381876	-0.003323003
Kenya	0.10	43.00	133.20	3097.70	0.032250554	0.027845103	0.027201493	0.218545789	0.182598182	0.1950325	-0.022386357	0.011722097	0.034350807
Tanzania	0.15	46.74	128.33	2745.26	0.029118307	0.026904603	0.022810398	0.270187368	0.206633636	0.28652625	-0.021065578	0.045094736	0.040509213
Nigeria	0.13	173.94	1054.31	6061.42	0.0278	0.027520277	0.027500474	0.127071111	0.170103636	0.1500275	-0.034547313	0.050432125	0.017381106
Ethiopia	0.19	88.35	145.41	1645.87	0.031691545	0.028075934	0.016000524	0.153936316	0.217129091	0.35401125	-0.034744603	0.072521703	0.073659989
Sudan	0.09	37.29	159.30	4271.94	0.026287065	0.025040071	0.005227136	0.099793158	0.193841818	0.16224125	0.002712426	0.017486473	-0.020307258
Angola	0.13	25.79	177.52	6883.72	0.033557209	0.029999905	0.029997408	0.432239474	0.333426364	0.27850125	-0.068928717	0.137242461	-0.004478037
RepublicofCongo	0.10	4.27	28.40	6643.37	0.030291923	0.025011397	0.024992292	0.276512105	0.249261818	0.34638375	-0.016394937	0.017624488	0.000634105
DemocraticRepublicoftheCongo	0.04	79.30	58.01	731.51	0.031184465	0.029087696	0.029998998	0.341736	0.104845455	0.15207875	-0.092744829	0.011471281	0.067663078
Cameroon	0.08	22.54	68.02	3017.32	0.028789614	0.02800028	0.024995271	0.117014211	0.207130909	0.2785725	-0.016780279	-0.000319487	0.012593304