UnitedStates	8651.43	319.13	17393.10	54501.59	0.010768356	0.22348	0.004095613
Canada	959.14	35.50	1599.07	45048.59	0.010768356	0.2107	-0.003405255
Mexico	9244.79	119.71	2153.32	17987.34	0.010768356	0.243322632	-0.015965394
UnitedKingdom	1088.81	64.60	2614.52	40474.24	0.010768356	0.198864211	0.006408966
Ireland	69.06	4.61	238.99	51846.96	0.010768356	0.212242105	0.031876943
Germany	1862.48	81.20	3763.23	46346.59	0.010768356	0.252735263	-0.004079049
Belgium	256.46	11.20	482.95	43105.22	0.010768356	0.224376316	-0.001982779
Netherlands	389.05	16.87	815.62	48361.59	0.010768356	0.228801053	0.001158656
Switzerland	419.51	8.14	474.13	58246.44	0.010768356	0.282264211	-0.016313362
Luxembourg	17.74	0.55	52.86	96163.11	0.010768356	0.216527368	0.027440562
Austria	192.51	8.54	397.32	46503.56	0.010768356	0.268556842	-0.004939435
Denmark	1283.44	5.63	253.53	45053.89	0.010768356	0.202943158	0.003602042
Sweden	2387.78	9.75	450.87	46255.62	0.010768356	0.225963158	-0.000739474
Finland	114.85	5.45	222.08	40738.61	0.010768356	0.254413158	-0.000602813
Norway	1736.13	5.16	347.69	67428.54	0.010768356	0.263779474	0.00479355
Iceland	626.74	0.33	14.45	43912.87	0.010768356	0.225148947	-0.005077594
France	1367.53	63.98	2604.31	40703.67	0.010768356	0.219512105	-0.001869664
Italy	1261.36	60.78	2135.95	35140.73	0.010768356	0.218505789	-0.001388946
Spain	613.19	46.46	1551.29	33393.22	0.010768356	0.226046842	0.006225272
Portugal	115.28	10.40	283.12	27220.32	0.010768356	0.290756842	0.009452536
Greece	149.03	10.93	284.17	26006.23	0.010768356	0.243746316	-0.014959307
Cyprus	7.45	0.86	27.39	31921.56	0.010768356	0.359743684	0.014574271
Israel	415.76	8.21	275.32	33526.15	0.010768356	0.218092632	0.005043356
Poland	701.16	38.02	961.31	25285.73	0.010768356	0.222974667	-0.016132967
Hungary	16551.93	9.88	248.90	25199.78	0.010768356	0.263041579	-0.017309937
CzechRepublic	2727.03	10.51	319.92	30432.45	0.010768356	0.32994	-0.046687659
SlovakRepublic	36.58	5.42	154.07	28446.76	0.010768356	0.305991667	0.001938425
Latvia	10.30	2.00	47.15	23558.98	0.010768356	0.188745714	-0.008086172
Estonia	8.50	1.32	36.83	27991.26	0.010768356	0.300475	0.008896922
Lithuania	16.09	2.93	80.36	27405.56	0.010768356	0.2318025	0.03362544
Albania	322.41	2.89	31.44	10865.59	0.010768356	0.325595789	-0.032134118
Serbia	2101.81	7.13	95.95	13453.67	0.010768356	0.15371	0
Slovenia	22.65	2.06	61.67	29922.31	-0.000390376	0.225032857	0.014661475
Croatia	221.41	4.24	88.85	20964.77	-0.0091	0.160232857	0.015376887
Bulgaria	60.93	7.20	131.76	18294.72	-0.004948345	0.297284737	-0.036733007
Romania	398.62	19.95	395.50	19827.00	0.000303703	0.283917895	-0.036567712
Turkey	486.33	77.32	1518.40	19636.78	0.019409464	0.232682105	0.00476604
Russia	48224.36	143.43	3827.88	26688.24	-0.000352014	0.270032222	-0.109470329
Ukraine	922.79	42.76	373.41	8732.65	-0.002544493	0.269171429	-0.173841583
Belarus	30.86	9.47	173.21	18294.35	-0.0023	0.309406667	-0.097160416
Kazakhstan	6362.94	17.42	448.13	25722.26	-0.0219	0.239054286	-0.085414947
Georgia	5.07	3.73	34.35	9210.16	-0.0212	0.216026667	0.029489319
Moldova	7.18	3.56	17.84	5013.32	-0.000590284	0.356501429	-0.162904916
Armenia	1000.51	2.99	24.39	8169.98	-0.0159	0.189028571	0.008124992
Azerbaijan	6.24	9.34	166.15	17785.19	0.009	0.242651429	-0.184747309
Uzbekistan	318.62	30.60	172.52	5637.28	0.0198	0.233958571	-0.080155175
Tajikistan	0.08	8.30	22.43	2701.86	0.0138	0.199004286	-0.142613443
Turkmenistan	14.47	5.31	82.48	15521.91	0.0188	0.413958571	-0.147334691
KyrgyzRepublic	76.00	5.90	19.40	3290.70	0.0137	0.168538571	-0.097707909
India	22374.68	1275.92	7356.73	5765.82	0.020744153	0.221146842	0.014461007
Pakistan	3559.49	186.19	885.87	4757.87	0.027315291	0.188210526	0.010870807
SriLanka	2262.68	20.96	211.05	10067.25	0.01148361	0.271693158	0.012215748
Nepal	255.51	28.18	67.61	2399.77	0.0240009	0.183331053	0.009593058
IslamicRepublicofIran	3039668.45	78.47	1358.80	17316.08	0.025759452	0.296332105	-0.037579427
Bangladesh	2213.74	158.22	537.29	3395.91	0.024471155	0.183839474	0.001610567
Myanmar	11520.21	51.42	262.62	5107.41	0	0.12381	0.003783884
Egypt	612.53	86.80	997.34	11490.07	0.022658972	0.241965789	0.002251871
Algeria	3288.88	39.11	552.99	14137.94	0.025766577	0.279269474	-0.028979257
Morocco	328.03	33.18	259.45	7819.59	0.019518911	0.260237895	-0.009902186
Tunisia	20.42	11.00	124.87	11354.46	0.021268702	0.259856316	-0.003317957
SaudiArabia	1142.44	30.77	1614.39	52465.67	0.041878554	0.207042632	-0.061580606
UnitedArabEmirates	441.39	9.30	612.83	65882.96	0.058993388	0.259220526	-0.053476494
Qatar	102.30	2.24	307.02	137340.66	0.045949996	0.259220526	-0.068202973
Kuwait	14.78	4.00	283.62	70930.83	0.028476218	0.189312632	-0.039956645
Bahrain	3.78	1.27	61.71	48661.36	0.030383572	0.213935789	-0.017134677
Oman	10.07	3.72	160.70	43236.92	0.030192853	0.194707895	0.025193624
Japan	370940.71	127.12	4766.02	37492.40	0.004390181	0.313910526	0.002513492
Mongolia	4537.68	2.93	34.95	11947.93	0.0145	0.426736842	-0.079528027
Korea	407639.94	50.42	1786.82	35435.86	0.01083703	0.354412105	0.056644063
China	7287.46	1367.82	18228.36	13326.58	0.013099743	0.371166842	0.059663659
HongKongSAR	906.92	7.27	401.65	55274.50	0.014325792	0.288384211	0.016428798
TaiwanProvinceofChina	4720.94	23.43	1081.48	46150.59	0.01144896	0.265294737	0.046532931
Vietnam	567635.35	90.73	513.25	5657.02	0.018572466	0.171826842	0.037064637
Cambodia	8680.33	15.31	50.26	3282.02	0.0329	0.113541538	0.0226939
Thailand	3244.90	68.66	1068.42	15561.82	0.015448799	0.326844211	0.027262264
Malaysia	279.34	30.71	770.45	25089.18	0.026757332	0.369662105	0.013076464
Indonesia	2669878.65	252.17	2688.81	10662.92	0.017508786	0.359231053	0.009150775
Philippines	2643.06	100.15	694.93	6938.98	0.025518993	0.270978947	-0.032140091
Singapore	92.98	5.47	458.35	83798.43	0.027401515	0.381643158	0.018413169
Australia	729.11	23.61	1101.56	46648.16	0.013089484	0.260011579	-0.003623438
NewZealand	111.17	4.56	161.31	35416.73	0.011333152	0.227591579	-0.008091566
Brazil	622.01	202.78	3291.54	16232.33	0.019754826	0.192157368	-0.023331137
Argentina	375.91	42.67	854.47	20025.40	0.014168356	0.164085789	-0.026697485
Chile	45172.94	17.82	410.29	23025.21	0.016482164	0.238466111	0.00726703
Colombia	214453.93	47.66	640.12	13430.45	0.0179726	0.215688421	-0.009430509
Venezuela	35.18	30.21	542.20	17949.87	0.024534208	0.203155263	-0.035137875
Peru	177.66	30.81	373.52	12123.66	0.019313747	0.212724211	-0.036363981
Paraguay	12724.78	6.66	58.68	8814.72	0.026831809	0.230964737	-0.021299789
Uruguay	322.95	3.40	71.42	20980.52	0.006660016	0.157448421	-0.000851744
Ecuador	30.52	16.03	181.74	11339.30	0.023358923	0.178212105	-0.021301702
DominicanRepublic	632.32	9.88	138.69	14032.67	0.020555855	0.199443158	-0.000238499
Bolivia	16.21	10.56	70.37	6662.72	0.024834242	0.159246667	-0.022888539
SouthAfrica	1595.85	54.06	709.21	13119.24	0.022729334	0.216077895	-0.031769494
Kenya	1585.63	43.00	133.20	3097.70	0.032250554	0.218545789	-0.022386357
Tanzania	11736.28	46.74	128.33	2745.26	0.029118307	0.270187368	-0.021065578
Nigeria	20409.45	173.94	1054.31	6061.42	0.0278	0.127071111	-0.034547313
Ethiopia	250.12	88.35	145.41	1645.87	0.031691545	0.153936316	-0.034744603
Sudan	9.30	37.29	159.30	4271.94	0.026287065	0.099793158	0.002712426
Angola	370.70	25.79	177.52	6883.72	0.033557209	0.432239474	-0.068928717
RepublicofCongo	645.54	4.27	28.40	6643.37	0.030291923	0.276512105	-0.016394937
DemocraticRepublicoftheCongo	7887.87	79.30	58.01	731.51	0.031184465	0.341736	-0.092744829
Cameroon	6630.39	22.54	68.02	3017.32	0.028789614	0.117014211	-0.016780279
UnitedStates2	13581.3325	319.13	17393.1	54501.585	0.009661856	0.219916364	0.007018454
Canada2	1438.9595	35.497	1599.069	45048.59	0.01011117	0.217673636	0.007730934
Mexico2	13590.4173	119.713	2153.322	17987.34	0.012463048	0.222612727	0.006758997
UnitedKingdom2	1602.4141	64.597	2614.515	40474.243	0.00593435	0.17324	0.011727253
Ireland2	163.1673	4.61	238.994	51846.955	0.018807905	0.260815455	0.021583875
Germany2	2435.043	81.198	3763.229	46346.588	-0.00108071	0.206092727	0.011945248
Belgium2	354.2451	11.204	482.951	43105.222	0.005372549	0.229493636	0.013128158
Netherlands2	585.9576	16.865	815.618	48361.594	0.004653562	0.218533636	0.011788901
Switzerland2	538.6554	8.14	474.126	58246.438	0.00747771	0.24306	0.016113764
Luxembourg2	34.5036	0.55	52.859	96163.111	0.014423963	0.204203636	0.013280997
Austria2	271.7587	8.544	397.323	46503.563	0.004064667	0.244163636	0.01644012
Denmark2	1754.27	5.627	253.529	45053.886	0.003641443	0.221704545	0.002995965
Sweden2	3417.356	9.747	450.87	46255.624	0.004879501	0.224626364	0.01746584
Finland2	173.9018	5.451	222.077	40738.613	0.003112695	0.233429091	0.019541497
Norway2	2635.181	5.156	347.692	67428.54	0.007908819	0.230197273	0.011009762
Iceland2	994.7413	0.329	14.452	43912.868	0.012960589	0.2471	0.020648898
France2	1877.1406	63.982	2604.306	40703.674	0.00629587	0.222636364	0.006357081
Italy2	1607.8813	60.783	2135.947	35140.729	0.003985481	0.210365455	0.001637915
Spain2	979.5058	46.455	1551.286	33393.223	0.013502172	0.280765455	0.006153585
Portugal2	172.4269	10.401	283.121	27220.319	0.003585697	0.249137273	0.002976613
Greece2	219.4866	10.927	284.165	26006.227	0.003360656	0.246663636	0.026762996
Cyprus2	14.1829	0.858	27.389	31921.556	0.015218456	0.224173636	0.024545998
Israel2	770.8931	8.212	275.319	33526.145	0.020781707	0.208461818	0.015345432
Poland2	1113.5129	38.018	961.309	25285.733	-0.001239845	0.21776	0.055613782
Hungary2	21000.3082	9.877	248.898	25199.781	-0.002226605	0.253424545	0.028473195
CzechRepublic2	3343.817	10.512	319.919	30432.452	0.001114792	0.299499091	0.014981697
SlovakRepublic2	51.3838	5.416	154.069	28446.755	-0.000101286	0.280880909	0.038862022
Latvia2	16.6802	2.001	47.153	23558.981	-0.010191757	0.308780909	0.047229169
Estonia2	13.6613	1.316	36.831	27991.262	-0.006	0.32054	0.03457414
Lithuania2	24.2631	2.932	80.363	27405.56	-0.010413125	0.225005455	0.048641797
Albania2	486.896	2.894	31.441	10865.589	-0.006017627	0.329020909	0.080231181
Serbia2	2469.2553	7.132	95.949	13453.667	-0.003011991	0.219226364	0.021511769
Slovenia2	32.0705	2.061	61.672	29922.312	0.002129684	0.283309091	0.013092742
Croatia2	302.3687	4.238	88.849	20964.765	-0.001464905	0.26132	0.014083161
Bulgaria2	58.8079	7.202	131.762	18294.721	-0.006260413	0.259944545	0.059828035
Romania2	438.249	19.947	395.495	19826.996	-0.008951176	0.245265455	0.063615686
Turkey2	846.1253	77.324	1518.395	19636.782	0.013056378	0.244969091	0.030434314
Russia2	61922.52	143.429	3827.879	26688.242	-0.002683071	0.192580909	0.071213382
Ukraine2	975.3929	42.76	373.406	8732.652	-0.007153248	0.221408182	0.070628147
Belarus2	47.2795	9.468	173.211	18294.352	-0.004925159	0.29339	0.10111048
Kazakhstan2	9509.9062	17.422	448.13	25722.259	0.00731304	0.272193636	0.084339482
Georgia2	7.9741	3.73	34.349	9210.155	-0.010817773	0.277672727	0.067050609
Moldova2	7.2931	3.558	17.836	5013.315	-0.002165258	0.278975455	0.058794448
Armenia2	1983.5578	2.985	24.389	8169.984	-0.004178588	0.270934545	0.085925518
Azerbaijan2	12.1691	9.342	166.154	17785.189	0.011389188	0.312858182	0.193275992
Uzbekistan2	450.5384	30.604	172.523	5637.277	0.011155759	0.247363636	0.061044081
Tajikistan2	0.1045	8.302	22.432	2701.855	0.021812142	0.164800909	0.072247008
Turkmenistan2	29.774	5.313	82.475	15521.91	0.011398171	0.247363636	0.153622094
KyrgyzRepublic2	97.4574	5.895	19.399	3290.7	0.010956093	0.200272727	0.032445233
India2	50879.2333	1275.921	7356.728	5765.82	0.016214664	0.307952727	0.056020292
Pakistan2	6742.5012	186.19	885.869	4757.874	0.023285325	0.176056364	0.02302962
SriLanka2	4484.2353	20.964	211.052	10067.248	0.012118234	0.273624545	0.048140303
Nepal2	474.473	28.175	67.613	2399.774	0.014373621	0.246566364	0.017301076
IslamicRepublicofIran2	4794894.965	78.47	1358.796	17316.077	0.015052757	0.415037273	0.031581535
Bangladesh2	4372.9849	158.217	537.293	3395.912	0.014593166	0.253107273	0.03907087
Myanmar2	23759.5302	51.419	262.62	5107.409	0.007793372	0.127378182	0.104005698
Egypt2	1144.2095	86.8	997.338	11490.07	0.021768758	0.214884545	0.031227461
Algeria2	4842.6227	39.114	552.991	14137.94	0.016345653	0.322458182	0.02121523
Morocco2	554.6121	33.179	259.446	7819.591	0.013190719	0.286780909	0.035834391
Tunisia2	38.4038	10.998	124.873	11354.456	0.010241918	0.241972727	0.039636337
SaudiArabia2	1594.475	30.77	1614.388	52465.666	0.028824171	0.22489	0.008834436
UnitedArabEmirates2	874.9476	9.302	612.825	65882.964	0.101404199	0.231417273	-0.037343748
Qatar2	251.1646	2.235	307.016	137340.656	0.104359749	0.231417273	0.075350035
Kuwait2	27.5147	3.999	283.618	70930.829	0.039699383	0.163753636	0.03786288
Bahrain2	6.9194	1.268	61.711	48661.363	0.062449201	0.243427273	-0.001120464
Oman2	17.2482	3.717	160.699	43236.917	0.020027612	0.247131818	-0.002911972
Japan2	478176.78	127.12	4766.015	37492.401	0.000861131	0.24931	0.000811453
Mongolia2	6825.4388	2.926	34.954	11947.931	0.013908481	0.342980909	0.04653087
Korea2	974756.08	50.424	1786.816	35435.857	0.005764295	0.317653636	0.033851819
China2	25750.7542	1367.82	18228.357	13326.576	0.006139403	0.397990909	0.109163761
HongKongSAR2	1604.9677	7.267	401.652	55274.495	0.005546963	0.230545455	0.039357855
TaiwanProvinceofChina2	10516.6806	23.434	1081.481	46150.586	0.004819584	0.236896364	0.035515014
Vietnam2	1450894.584	90.728	513.25	5657.015	0.011988405	0.338222727	0.040077146
Cambodia2	19746.5146	15.313	50.258	3282.019	0.01751383	0.197354545	0.056026198
Thailand2	6357.4644	68.657	1068.42	15561.817	0.008085816	0.245102727	0.034452411
Malaysia2	617.8146	30.709	770.451	25089.184	0.02103812	0.235712727	0.031534593
Indonesia2	4837317.57	252.165	2688.814	10662.924	0.013767646	0.267432727	0.041616574
Philippines2	4226.1464	100.149	694.932	6938.976	0.017312021	0.201186364	0.038502629
Singapore2	218.1005	5.47	458.354	83798.429	0.021979824	0.260776364	0.047190732
Australia2	1187.1306	23.614	1101.559	46648.162	0.014291026	0.266171818	0.016601595
NewZealand2	170.1005	4.555	161.309	35416.726	0.0112837	0.233325455	0.016307035
Brazil2	893.3619	202.777	3291.543	16232.334	0.012611368	0.184507273	0.032587314
Argentina2	512.9115	42.67	854.474	20025.404	0.009918505	0.163914545	0.039442192
Chile2	92427.2789	17.819	410.287	23025.207	0.010794349	0.217862727	0.039374355
Colombia2	327386.282	47.662	640.122	13430.453	0.012580198	0.192562727	0.032478672
Venezuela2	45.1205	30.206	542.199	17949.871	0.017871694	0.244794545	0.021859196
Peru2	263.8488	30.809	373.519	12123.661	0.015975986	0.193830909	0.05742722
Paraguay2	17780.1941	6.657	58.682	8814.723	0.017904787	0.16177	0.012838687
Uruguay2	422.9575	3.404	71.422	20980.515	0.00179539	0.171932727	0.011098965
Ecuador2	44.5485	16.027	181.74	11339.302	0.01757258	0.219909091	0.024831605
DominicanRepublic2	1205.8701	9.883	138.692	14032.674	0.012837748	0.256743636	0.030165697
Bolivia2	25.1164	10.562	70.371	6662.724	0.017931941	0.154147273	0.018036367
SouthAfrica2	2248.8047	54.059	709.213	13119.242	0.01285097	0.185759091	0.032381876
Kenya2	2348.7797	43	133.201	3097.701	0.027845103	0.182598182	0.011722097
Tanzania2	21719.4141	46.744	128.325	2745.263	0.026904603	0.206633636	0.045094736
Nigeria2	33349.8315	173.938	1054.309	6061.421	0.027520277	0.170103636	0.050432125
Ethiopia2	456.1633	88.347	145.407	1645.869	0.028075934	0.217129091	0.072521703
Sudan2	18.8009	37.289	159.298	4271.94	0.025040071	0.193841818	0.017486473
Angola2	715.9633	25.789	177.524	6883.721	0.029999905	0.333426364	0.137242461
RepublicofCongo2	1002.4367	4.274	28.395	6643.371	0.025011397	0.249261818	0.017624488
DemocraticRepublicoftheCongo2	5424.4649	79.301	58.009	731.505	0.029087696	0.104845455	0.011471281
Cameroon2	8941.8537	22.544	68.022	3017.32	0.02800028	0.207130909	-0.000319487
UnitedStates3	15720.78	319.13	17393.10	54501.59	0.007948617	0.19511125	0.008327351
Canada3	1704.70	35.50	1599.07	45048.59	0.010981356	0.24172625	0.005528049
Mexico3	16330.38	119.71	2153.32	17987.34	0.011197275	0.23069625	0.011189515
UnitedKingdom3	1808.24	64.60	2614.52	40474.24	0.00732804	0.16361625	0.009562388
Ireland3	219.68	4.61	238.99	51846.96	0.004930229	0.21681375	0.037269634
Germany3	2710.43	81.20	3763.23	46346.59	0.003422193	0.19629875	0.010506439
Belgium3	402.39	11.20	482.95	43105.22	0.006	0.23330875	-0.003004481
Netherlands3	647.93	16.87	815.62	48361.59	0.004099791	0.19638375	0.002383451
Switzerland3	638.02	8.14	474.13	58246.44	0.011203519	0.23800625	0.002038901
Luxembourg3	43.53	0.55	52.86	96163.11	0.022446595	0.18557	-0.000776713
Austria3	307.74	8.54	397.32	46503.56	0.006932885	0.2382625	-0.003648742
Denmark3	1874.78	5.63	253.53	45053.89	0.005298969	0.1979925	-0.002996607
Sweden3	4063.84	9.75	450.87	46255.62	0.010062837	0.237415	0.003775036
Finland3	188.69	5.45	222.08	40738.61	0.004094975	0.21915	-0.008508395
Norway3	3010.62	5.16	347.69	67428.54	0.011096601	0.27430125	-0.006965952
Iceland3	1221.48	0.33	14.45	43912.87	0.008396837	0.17578625	0.008680009
France3	2061.47	63.98	2604.31	40703.67	0.004597866	0.2274625	-0.00427315
Italy3	1574.58	60.78	2135.95	35140.73	0.00237714	0.18095125	-0.01158184
Spain3	1071.44	46.46	1551.29	33393.22	-9.4385E-05	0.20704625	-0.001014982
Portugal3	173.56	10.40	283.12	27220.32	-0.003145213	0.16616375	0.001985018
Greece3	198.61	10.93	284.17	26006.23	-0.00373249	0.12578125	-0.038014982
Cyprus3	16.10	0.86	27.39	31921.56	0.008524235	0.16084625	-0.018206678
Israel3	1092.11	8.21	275.32	33526.15	0.01916341	0.201535	0.016318222
Poland3	1587.21	38.02	961.31	25285.73	-0.000535274	0.20513875	0.029272674
Hungary3	23526.24	9.88	248.90	25199.78	-0.002844427	0.21015625	0.014447319
CzechRepublic3	4141.50	10.51	319.92	30432.45	0.001822686	0.26431	0.008654626
SlovakRepublic3	72.74	5.42	154.07	28446.76	0.001133545	0.22823125	0.017590683
Latvia3	20.28	2.00	47.15	23558.98	-0.012874749	0.2261625	0.019801216
Estonia3	16.67	1.32	36.83	27991.26	-0.002	0.25503625	0.016624932
Lithuania3	31.70	2.93	80.36	27405.56	-0.014027261	0.1910775	0.023425565
Albania3	714.03	2.89	31.44	10865.59	-0.002237388	0.27610625	0.019051554
Serbia3	3129.61	7.13	95.95	13453.67	-0.005057197	0.18917875	-0.00336818
Slovenia3	36.72	2.06	61.67	29922.31	0.002076383	0.1988675	0.001118767
Croatia3	328.26	4.24	88.85	20964.77	-0.008130081	0.19868625	-0.001881233
Bulgaria3	78.59	7.20	131.76	18294.72	-0.008564795	0.21245875	0.026624695
Romania3	581.81	19.95	395.50	19827.00	-0.004952921	0.25781625	0.025840638
Turkey3	1350.09	77.32	1518.40	19636.78	0.013551691	0.29110625	0.04352936
Russia3	84348.08	143.43	3827.88	26688.24	0.000781441	0.23087875	-0.00516677
Ukraine3	1066.59	42.76	373.41	8732.65	-0.009765912	0.194015	-0.036679229
Belarus3	76.31	9.47	173.21	18294.35	-0.000830135	0.3340975	-0.006136597
Kazakhstan3	16731.25	17.42	448.13	25722.26	0.014585406	0.26128875	0.014701353
Georgia3	12.99	3.73	34.35	9210.16	-0.00980588	0.28298875	0.039584041
Moldova3	10.72	3.56	17.84	5013.32	-0.000597488	0.2308325	0.036461447
Armenia3	3108.70	2.99	24.39	8169.98	0.000881116	0.22743	0.008456319
Azerbaijan3	27.71	9.34	166.15	17785.19	0.012085526	0.23507125	-0.020353541
Uzbekistan3	916.57	30.60	172.52	5637.28	0.020181358	0.26929875	0.059119518
Tajikistan3	0.20	8.30	22.43	2701.86	0.020193592	0.18747	0.044116257
Turkmenistan3	79.94	5.31	82.48	15521.91	0.016532981	0.26929875	0.063899301
KyrgyzRepublic3	144.85	5.90	19.40	3290.70	0.018281671	0.32139	0.011178302
India3	100557.02	1275.92	7356.73	5765.82	0.013386168	0.3456975	0.052410388
Pakistan3	9938.60	186.19	885.87	4757.87	0.020136026	0.15204	0.015190714
SriLanka3	7774.65	20.96	211.05	10067.25	0.005790628	0.3251475	0.047454518
Nepal3	701.47	28.18	67.61	2399.77	0.011648768	0.3806575	0.017594062
IslamicRepublicofIran3	6196210.84	78.47	1358.80	17316.08	0.013403661	0.3838725	-0.014944045
Bangladesh3	7663.24	158.22	537.29	3395.91	0.011007684	0.28848625	0.049527794
Myanmar3	49595.51	51.42	262.62	5107.41	0.008152775	0.200905	0.036015781
Egypt3	1734.47	86.80	997.34	11490.07	0.026461357	0.15854	0.010569889
Algeria3	6597.10	39.11	552.99	14137.94	0.020661626	0.46276375	-0.002891535
Morocco3	835.30	33.18	259.45	7819.59	0.011577074	0.33738375	0.017576023
Tunisia3	52.15	11.00	124.87	11354.46	0.012381027	0.23155625	-0.003704687
SaudiArabia3	2315.72	30.77	1614.39	52465.67	0.024577988	0.292555	0.007151057
UnitedArabEmirates3	1237.07	9.30	612.83	65882.96	0.026887007	0.23162375	-0.00179532
Qatar3	699.59	2.24	307.02	137340.66	0.066098414	0.23162375	-0.021672042
Kuwait3	38.04	4.00	283.62	70930.83	0.02971702	0.18895625	-0.02861313
Bahrain3	10.77	1.27	61.71	48661.36	0.026485138	0.25675125	0.002307602
Oman3	25.04	3.72	160.70	43236.92	0.046050365	0.29800625	-0.009213038
Japan3	505048.93	127.12	4766.02	37492.40	-0.000789116	0.23087625	0.007579173
Mongolia3	13527.84	2.93	34.95	11947.93	0.015257656	0.42210625	0.057564568
Korea3	1382770.34	50.42	1786.82	35435.86	0.005339437	0.30488375	0.019365042
China3	61183.13	1367.82	18228.36	13326.58	0.005113606	0.46299125	0.059814826
HongKongSAR3	2268.21	7.27	401.65	55274.50	0.00721237	0.23320875	0.017211819
TaiwanProvinceofChina3	14830.89	23.43	1081.48	46150.59	0.002417806	0.2215275	0.020141136
Vietnam3	2591438.56	90.73	513.25	5657.02	0.010662914	0.28366	0.045586902
Cambodia3	38107.55	15.31	50.26	3282.02	0.015634762	0.221335	0.039433636
Thailand3	9000.96	68.66	1068.42	15561.82	0.003944194	0.2472125	0.023416563
Malaysia3	963.92	30.71	770.45	25089.18	0.016658275	0.24961	0.03394273
Indonesia3	8153636.08	252.17	2688.81	10662.92	0.014060453	0.3384025	0.040257518
Philippines3	6836.13	100.15	694.93	6938.98	0.018389751	0.21288375	0.047342935
Singapore3	366.16	5.47	458.35	83798.43	0.014843098	0.28484875	0.026450431
Australia3	1554.11	23.61	1101.56	46648.16	0.015678902	0.26170875	0.005436068
NewZealand3	213.28	4.56	161.31	35416.73	0.014061888	0.2206375	0.006513901
Brazil3	1192.19	202.78	3291.54	16232.33	0.00886045	0.19483375	-0.002857348
Argentina3	697.20	42.67	854.47	20025.40	0.011797508	0.1754325	-0.001221055
Chile3	133717.52	17.82	410.29	23025.21	0.010741603	0.238805	0.014132059
Colombia3	487874.89	47.66	640.12	13430.45	0.011511514	0.24407625	0.023915089
Venezuela3	55.26	30.21	542.20	17949.87	0.014074576	0.2478325	-0.018875823
Peru3	444.15	30.81	373.52	12123.66	0.011259651	0.24250625	0.029331558
Paraguay3	26311.92	6.66	58.68	8814.72	0.015085185	0.1699775	0.041790267
Uruguay3	630.62	3.40	71.42	20980.52	0.004193411	0.20347625	0.034088535
Ecuador3	64.91	16.03	181.74	11339.30	0.016329354	0.27111	0.004528332
DominicanRepublic3	1899.47	9.88	138.69	14032.67	0.010183892	0.2400125	0.043529476
Bolivia3	38.49	10.56	70.37	6662.72	0.015892354	0.19475375	0.034650005
SouthAfrica3	2936.83	54.06	709.21	13119.24	0.0150587	0.1997475	-0.003323003
Kenya3	3673.52	43.00	133.20	3097.70	0.027201493	0.1950325	0.034350807
Tanzania3	39178.81	46.74	128.33	2745.26	0.022810398	0.28652625	0.040509213
Nigeria3	62637.88	173.94	1054.31	6061.42	0.027500474	0.1500275	0.017381106
Ethiopia3	1114.37	88.35	145.41	1645.87	0.016000524	0.35401125	0.073659989
Sudan3	22.91	37.29	159.30	4271.94	0.005227136	0.16224125	-0.020307258
Angola3	1526.52	25.79	177.52	6883.72	0.029997408	0.27850125	-0.004478037
RepublicofCongo3	1516.26	4.27	28.40	6643.37	0.024992292	0.34638375	0.000634105
DemocraticRepublicoftheCongo3	9263.90	79.30	58.01	731.51	0.029998998	0.15207875	0.067663078
Cameroon3	13067.53	22.54	68.02	3017.32	0.024995271	0.2785725	0.012593304